T Mr MFe
1	387.66495	-185.5
2	387.66495	-185.5
3	387.66421	-185.5
4	387.65196	-185.5
5	387.58259	-185.5
6	387.38522	-185.5
7	386.99233	-185.5
8	386.36274	-185.5
9	385.48087	-185.5
10	384.35081	-185.5
11	382.98738	-185.5
12	381.411	-185.5
13	379.6443	-185.5
14	377.70879	-185.5
15	375.62452	-185.5
16	373.41002	-185.5
17	371.08199	-185.5
18	368.65528	-185.5
19	366.1425	-185.5
20	363.55551	-185.5
21	360.90435	-185.5
22	358.19865	-185.5
23	355.44545	-185.5
24	352.65294	-185.5
25	349.8274	-185.5
26	346.97404	-185.5
27	344.09879	-185.5
28	341.20536	-185.5
29	338.29858	-185.5
30	335.38252	-185.5
31	332.45978	-185.5
32	329.53407	-185.5
33	326.608	-185.5
34	323.68414	-185.5
35	320.76549	-185.49963
36	317.85314	-185.49963
37	314.95006	-185.49963
38	312.05812	-185.49926
39	309.17842	-185.49889
40	306.31281	-185.49852
41	303.46279	-185.49815
42	300.62983	-185.4974
43	297.81506	-185.49666
44	295.01957	-185.49555
45	292.24449	-185.49444
46	289.49056	-185.49295
47	286.75889	-185.4911
48	284.04984	-185.48887
49	281.36492	-185.48627
50	278.70373	-185.48331
51	276.06778	-185.47997
52	273.45668	-185.47551
53	270.87155	-185.47106
54	268.31277	-185.4655
55	265.77995	-185.45919
56	263.27384	-185.45214
57	260.79445	-185.44398
58	258.34214	-185.43508
59	255.91691	-185.42506
60	253.51877	-185.41393
61	251.14771	-185.40169
62	248.80373	-185.38796
63	246.48721	-185.37312
64	244.19739	-185.35679
65	241.93467	-185.33899
66	239.69865	-185.31969
67	237.48897	-185.29855
68	235.30638	-185.27592
69	233.14976	-185.2518
70	231.0191	-185.22546
71	228.91442	-185.19726
72	226.83534	-185.16721
73	224.78148	-185.13531
74	222.75285	-185.10118
75	220.74908	-185.06482
76	218.76943	-185.0266
77	216.81463	-184.98617
78	214.88357	-184.9435
79	212.97626	-184.89824
80	211.09195	-184.85112
81	209.23102	-184.80141
82	207.39308	-184.7491
83	205.57741	-184.69493
84	203.78362	-184.6378
85	202.0121	-184.57844
86	200.26209	-184.51648
87	198.53323	-184.4523
88	196.82515	-184.38552
89	195.13784	-184.31614
90	193.47094	-184.24417
91	191.82407	-184.16959
92	190.19723	-184.0928
93	188.58969	-184.01303
94	187.00107	-183.93104
95	185.43174	-183.84645
96	183.88096	-183.75927
97	182.34836	-183.66949
98	180.83393	-183.57711
99	179.33769	-183.48213
100	177.85851	-183.38493
101	176.39677	-183.28513
102	174.95247	-183.18273
103	173.52449	-183.07811
104	172.11321	-182.97089
105	170.71825	-182.86108
106	169.33924	-182.74904
107	167.97619	-182.6344
108	166.62871	-182.51753
109	165.29682	-182.39844
110	163.97977	-182.27675
111	162.67756	-182.15284
112	161.39057	-182.0267
113	160.11766	-181.89833
114	158.85886	-181.76774
115	157.61453	-181.63492
116	156.38392	-181.49988
117	155.16704	-181.36261
118	153.96352	-181.22348
119	152.77335	-181.08213
120	151.59654	-180.93856
121	150.43234	-180.79312
122	149.28113	-180.64584
123	148.14216	-180.49632
124	147.0158	-180.34496
125	145.90169	-180.19136
126	144.79945	-180.03628
127	143.70908	-179.87935
128	142.63021	-179.72019
129	141.56321	-179.55955
130	140.50772	-179.39705
131	139.46298	-179.2327
132	138.42975	-179.06686
133	137.40727	-178.89917
134	136.39555	-178.72999
135	135.39422	-178.55896
136	134.40365	-178.38645
137	133.42347	-178.21245
138	132.45331	-178.03696
139	131.49316	-177.85963
140	130.54303	-177.68118
141	129.60291	-177.50087
142	128.67208	-177.31945
143	127.75088	-177.13618
144	126.83934	-176.95216
145	125.93669	-176.76629
146	125.04332	-176.57931
147	124.15923	-176.39084
148	123.28367	-176.20126
149	122.41702	-176.01019
150	121.55926	-175.81801
151	120.71004	-175.62472
152	119.86899	-175.42995
153	119.03646	-175.23443
154	118.2121	-175.03743
155	117.3959	-174.83932
156	116.58786	-174.64046
157	115.78762	-174.44012
158	114.99516	-174.23867
159	114.2105	-174.03647
160	113.43325	-173.83316
161	112.6638	-173.62874
162	111.90139	-173.42321
163	111.14678	-173.21693
164	110.39921	-173.00991
165	109.6587	-172.80141
166	108.92523	-172.59254
167	108.19881	-172.38255
168	107.47907	-172.17145
169	106.76638	-171.95961
170	106.06037	-171.74703
171	105.36066	-171.53371
172	104.66763	-171.31964
173	103.98128	-171.10446
174	103.30124	-170.88854
175	102.62713	-170.67187
176	101.9597	-170.45447
177	101.29821	-170.23632
178	100.64265	-170.01743
179	99.99303	-169.79817
180	99.34972	-169.57779
181	98.71197	-169.35668
182	98.07979	-169.13519
183	97.45354	-168.91259
184	96.83286	-168.68962
185	96.21811	-168.46628
186	95.60818	-168.24182
187	95.0042	-168.017
188	94.4054	-167.79143
189	93.8118	-167.56549
190	93.2234	-167.33881
191	92.64018	-167.11139
192	92.06217	-166.88359
193	91.48934	-166.65543
194	90.92097	-166.42615
195	90.35816	-166.19687
196	89.79981	-165.96685
197	89.24628	-165.73609
198	88.69757	-165.50533
199	88.15368	-165.27345
200	87.61425	-165.04158
201	87.07927	-164.80896
202	86.54911	-164.57597
203	86.02303	-164.34224
204	85.50177	-164.10814
205	84.9846	-163.87367
206	84.47188	-163.63883
207	83.96361	-163.40324
208	83.45905	-163.16766
209	82.95894	-162.93133
210	82.46328	-162.69463
211	81.97134	-162.45719
212	81.48347	-162.21975
213	80.99932	-161.98157
214	80.51961	-161.74339
215	80.04325	-161.50446
216	79.57097	-161.26517
217	79.10277	-161.0255
218	78.6379	-160.78546
219	78.17712	-160.54543
220	77.71968	-160.30465
221	77.26594	-160.06313
222	76.81592	-159.82161
223	76.36924	-159.57971
224	75.92626	-159.33745
225	75.48663	-159.09482
226	75.05033	-158.85181
227	74.61775	-158.60881
228	74.18813	-158.36506
229	73.76222	-158.12094
230	73.33928	-157.87645
231	72.91968	-157.63196
232	72.50342	-157.38673
233	72.09012	-157.1415
234	71.68017	-156.89553
235	71.27318	-156.64956
236	70.86916	-156.40321
237	70.46848	-156.1565
238	70.0704	-155.90941
239	69.67566	-155.66195
240	69.28351	-155.4145
241	68.89433	-155.1663
242	68.50849	-154.9181
243	68.12488	-154.66953
244	67.7446	-154.42059
245	67.36655	-154.17165
246	66.99184	-153.92196
247	66.61936	-153.67228
248	66.24984	-153.42223
249	65.88292	-153.1718
250	65.5186	-152.92101
251	65.15688	-152.67021
252	64.79812	-152.41867
253	64.44159	-152.16713
254	64.08728	-151.91523
255	63.73595	-151.66332
256	63.38683	-151.41067
257	63.04032	-151.15801
258	62.6964	-150.90499
259	62.35434	-150.65197
260	62.01525	-150.39821
261	61.67801	-150.14444
262	61.34337	-149.89031
263	61.01095	-149.63617
264	60.68113	-149.3813
265	60.35317	-149.12642
266	60.02743	-148.87117
267	59.70429	-148.61592
268	59.383	-148.35993
269	59.06394	-148.10394
270	58.74711	-147.84758
271	58.43213	-147.59122
272	58.11938	-147.33449
273	57.80885	-147.07739
274	57.50055	-146.81991
275	57.1941	-146.56244
276	56.88951	-146.30422
277	56.58715	-146.04638
278	56.28664	-145.78779
279	55.98798	-145.5292
280	55.69118	-145.27024
281	55.39661	-145.01092
282	55.10389	-144.75159
283	54.81302	-144.49189
284	54.52402	-144.23182
285	54.23686	-143.97137
286	53.95156	-143.71093
287	53.66812	-143.45012
288	53.38616	-143.18893
289	53.10642	-142.92775
290	52.82817	-142.6662
291	52.55178	-142.40427
292	52.27687	-142.14197
293	52.00381	-141.87968
294	51.73261	-141.61701
295	51.46289	-141.35434
296	51.19503	-141.09093
297	50.92865	-140.82752
298	50.66413	-140.56374
299	50.40109	-140.29996
300	50.13954	-140.03581
301	49.87947	-139.77128
302	49.62125	-139.50639
303	49.36452	-139.24112
304	49.10927	-138.97586
305	48.85551	-138.71059
306	48.60323	-138.44459
307	48.3528	-138.17858
308	48.10349	-137.9122
309	47.85566	-137.64545
310	47.60932	-137.37833
311	47.36446	-137.11121
312	47.12108	-136.84372
313	46.87919	-136.57586
314	46.63878	-136.308
315	46.39949	-136.03976
316	46.16168	-135.77116
317	45.92498	-135.50219
318	45.69013	-135.23321
319	45.4564	-134.96349
320	45.22379	-134.69415
321	44.99265	-134.42406
322	44.76301	-134.1536
323	44.53447	-133.88314
324	44.30742	-133.61231
325	44.08111	-133.34111
326	43.85665	-133.06991
327	43.63331	-132.79797
328	43.41108	-132.52602
329	43.18997	-132.25371
330	42.97033	-131.98102
331	42.75144	-131.70834
332	42.53404	-131.43528
333	42.31812	-131.16149
334	42.10294	-130.88806
335	41.88924	-130.61389
336	41.67629	-130.33935
337	41.46482	-130.06481
338	41.25446	-129.7899
339	41.04521	-129.51425
340	40.83671	-129.23896
341	40.62969	-128.96294
342	40.42379	-128.68654
343	40.21863	-128.41015
344	40.01495	-128.13301
345	39.81201	-127.85588
346	39.61019	-127.57837
347	39.40948	-127.30049
348	39.20988	-127.02224
349	39.01102	-126.74399
350	38.81365	-126.465
351	38.61702	-126.18563
352	38.42113	-125.90627
353	38.22673	-125.62654
354	38.03307	-125.34606
355	37.84015	-125.06558
356	37.64834	-124.78474
357	37.45764	-124.50352
358	37.26769	-124.22193
359	37.07885	-123.93997
360	36.89076	-123.65764
361	36.70377	-123.37494
362	36.51753	-123.09186
363	36.3324	-122.80842
364	36.14801	-122.52461
365	35.96474	-122.24042
366	35.78221	-121.95586
367	35.60042	-121.67093
368	35.41937	-121.38564
369	35.23944	-121.09959
370	35.06024	-120.81355
371	34.88216	-120.52714
372	34.70482	-120.24036
373	34.52786	-119.95283
374	34.35237	-119.66531
375	34.17726	-119.37704
376	34.00289	-119.0884
377	33.82964	-118.79977
378	33.65712	-118.51039
379	33.48535	-118.22063
380	33.31432	-117.93014
381	33.14403	-117.63965
382	32.97448	-117.34841
383	32.80568	-117.05681
384	32.63761	-116.76483
385	32.47029	-116.47248
386	32.30371	-116.17939
387	32.13788	-115.8863
388	31.97278	-115.59247
389	31.80843	-115.2979
390	31.64482	-115.00332
391	31.48195	-114.70801
392	31.31945	-114.41232
393	31.15806	-114.11626
394	30.99705	-113.81946
395	30.83678	-113.52229
396	30.67725	-113.22438
397	30.51846	-112.92609
398	30.36041	-112.62744
399	30.20274	-112.32804
400	30.04581	-112.02827
401	29.88962	-111.72813
402	29.7338	-111.42725
403	29.57872	-111.12563
404	29.42438	-110.82364
405	29.27042	-110.52127
406	29.11756	-110.21816
407	28.96471	-109.91469
408	28.81297	-109.6101
409	28.66123	-109.3055
410	28.51061	-109.00017
411	28.36035	-108.6941
412	28.21084	-108.38765
413	28.0617	-108.08046
414	27.91293	-107.77253
415	27.76527	-107.46386
416	27.61761	-107.15482
417	27.4707	-106.8454
418	27.32452	-106.53488
419	27.17872	-106.22398
420	27.03329	-105.91234
421	26.8886	-105.59996
422	26.74428	-105.28683
423	26.6007	-104.97334
424	26.45749	-104.65873
425	26.31466	-104.34375
426	26.17257	-104.02803
427	26.03084	-103.71157
428	25.88949	-103.39436
429	25.74851	-103.07641
430	25.60828	-102.75773
431	25.46841	-102.43829
432	25.32928	-102.11812
433	25.19016	-101.79721
434	25.05178	-101.47518
435	24.91376	-101.15278
436	24.77612	-100.82964
437	24.63885	-100.50538
438	24.50232	-100.18039
439	24.3658	-99.85465
440	24.23001	-99.52817
441	24.0946	-99.20058
442	23.95955	-98.87224
443	23.82488	-98.54317
444	23.69058	-98.21298
445	23.55702	-97.88204
446	23.42346	-97.55
447	23.29027	-97.21721
448	23.15745	-96.88368
449	23.02537	-96.54904
450	22.8933	-96.21329
451	22.76159	-95.87679
452	22.63026	-95.53918
453	22.49967	-95.20083
454	22.36907	-94.86136
455	22.23885	-94.52078
456	22.109	-94.17909
457	21.97952	-93.83666
458	21.85005	-93.49274
459	21.72131	-93.14808
460	21.59257	-92.80231
461	21.46421	-92.45543
462	21.33621	-92.10743
463	21.20859	-91.75832
464	21.08133	-91.40772
465	20.95408	-91.05639
466	20.8272	-90.70394
467	20.70069	-90.35
468	20.57455	-89.99495
469	20.44841	-89.63842
470	20.32264	-89.28115
471	20.19724	-88.92239
472	20.07221	-88.56215
473	19.94719	-88.2008
474	19.82216	-87.83833
475	19.69787	-87.47401
476	19.57322	-87.10895
477	19.4493	-86.74203
478	19.32539	-86.37399
479	19.20185	-86.00448
480	19.0783	-85.63348
481	18.95513	-85.26099
482	18.83196	-84.88703
483	18.70916	-84.51157
484	18.58636	-84.13464
485	18.46356	-83.75585
486	18.34113	-83.37594
487	18.21907	-82.99418
488	18.09701	-82.61094
489	17.97495	-82.22584
490	17.85326	-81.83926
491	17.73157	-81.45082
492	17.60989	-81.0609
493	17.48857	-80.66876
494	17.36725	-80.27513
495	17.24594	-79.88001
496	17.12499	-79.48267
497	17.00404	-79.08347
498	16.8831	-78.68242
499	16.76215	-78.27915
500	16.64158	-77.87438
501	16.52063	-77.4674
502	16.40006	-77.05818
503	16.27948	-76.64712
504	16.15891	-76.23382
505	16.03833	-75.8183
506	15.91776	-75.40093
507	15.79718	-74.98096
508	15.67661	-74.55876
509	15.55603	-74.13433
510	15.43546	-73.70768
511	15.31525	-73.27844
512	15.19431	-72.84696
513	15.07373	-72.41252
514	14.95316	-71.97586
515	14.83258	-71.53659
516	14.71163	-71.09473
517	14.59069	-70.65027
518	14.46974	-70.20285
519	14.34843	-69.75245
520	14.22748	-69.29946
521	14.10616	-68.8435
522	13.98447	-68.38458
523	13.86279	-67.92268
524	13.7411	-67.45745
525	13.61904	-66.98924
526	13.49698	-66.51733
527	13.37455	-66.04245
528	13.25212	-65.56423
529	13.12932	-65.0823
530	13.00615	-64.59704
531	12.88298	-64.10806
532	12.75943	-63.615
533	12.63552	-63.1186
534	12.51123	-62.61812
535	12.38658	-62.11356
536	12.26192	-61.60455
537	12.13652	-61.09183
538	12.01113	-60.57428
539	11.88499	-60.05266
540	11.75847	-59.52621
541	11.63159	-58.99531
542	11.50397	-58.45958
543	11.37634	-57.91867
544	11.24798	-57.37255
545	11.11887	-56.82125
546	10.98939	-56.26438
547	10.85917	-55.70231
548	10.72821	-55.13394
549	10.59687	-54.56
550	10.4648	-53.97976
551	10.33161	-53.39321
552	10.19805	-52.79998
553	10.06338	-52.20007
554	9.92796	-51.59312
555	9.7918	-50.97874
556	9.65453	-50.35694
557	9.51652	-49.72699
558	9.37703	-49.08924
559	9.23679	-48.44258
560	9.09507	-47.7874
561	8.95223	-47.12294
562	8.80828	-46.44883
563	8.66248	-45.76471
564	8.51556	-45.06982
565	8.36716	-44.36418
566	8.21691	-43.64704
567	8.06517	-42.91765
568	7.9112	-42.17565
569	7.75576	-41.41992
570	7.59771	-40.6501
571	7.43781	-39.86506
572	7.27531	-39.06445
573	7.11022	-38.24676
574	6.94252	-37.4109
575	6.77186	-36.55537
576	6.59786	-35.67944
577	6.42016	-34.78125
578	6.23911	-33.85894
579	6.05361	-32.91067
580	5.86366	-31.93383
581	5.66851	-30.92582
582	5.4678	-29.88368
583	5.26078	-28.80333
584	5.04708	-27.68068
585	4.82523	-26.51018
586	4.59409	-25.28476
587	4.35257	-23.99702
588	4.09844	-22.63508
589	3.82909	-21.18558
590	3.54157	-19.62887
591	3.23067	-17.93674
592	2.88898	-16.06653
593	2.50351	-13.94737
594	2.05015	-11.4409
595	1.46693	-8.19984
596	0.33687	-1.88616
597	1.99E-08	-2.14E-07
598	6.69E-06	-3.07E-06
599	1.04E-07	-4.60E-08
600	1.43E-06	-4.30E-05
