T HF LF
1 880.15324 7.54429
2 880.15324 7.54429
3 880.15003 7.54431
4 880.09719 7.54453
5 879.79777 7.54579
6 878.94594 7.54939
7 877.25031 7.55657
8 874.53323 7.56812
9 870.72756 7.58439
10 865.85111 7.60538
11 859.96812 7.63094
12 853.1669 7.66081
13 845.54537 7.6947
14 837.19665 7.73234
15 828.20747 7.77348
16 818.65812 7.81791
17 808.6209 7.86542
18 798.16011 7.91587
19 787.33043 7.96912
20 776.18331 8.02506
21 764.76223 8.0836
22 753.10904 8.14465
23 741.25441 8.20818
24 729.23376 8.27412
25 717.07457 8.34244
26 704.79948 8.41314
27 692.43434 8.48617
28 679.99542 8.56156
29 667.50379 8.6393
30 654.97729 8.71939
31 642.42744 8.80186
32 629.8705 8.88672
33 617.31797 8.97401
34 604.78138 9.06375
35 592.27541 9.15594
36 579.80206 9.2507
37 567.37605 9.34801
38 555.00732 9.44791
39 542.6995 9.55048
40 530.46101 9.65576
41 518.29869 9.76382
42 506.22095 9.87467
43 494.23152 9.98841
44 482.3373 10.10507
45 470.54208 10.22475
46 458.85123 10.34748
47 447.27016 10.47333
48 435.80118 10.60239
49 424.45138 10.73468
50 413.22001 10.87032
51 402.11425 11.00933
52 391.13657 11.15177
53 380.28809 11.29775
54 369.57606 11.44723
55 358.9986 11.60034
56 348.56011 11.7571
57 338.2635 11.91752
58 328.11031 12.08163
59 318.10372 12.24942
60 308.24549 12.42087
61 298.53759 12.59595
62 288.98364 12.77452
63 279.58599 12.95648
64 270.34564 13.14168
65 261.26691 13.32984
66 252.35136 13.52067
67 243.60234 13.71375
68 235.0251 13.90852
69 226.61932 14.10442
70 218.3924 14.3005
71 210.34792 14.49578
72 202.48997 14.689
73 194.82326 14.8786
74 187.35591 15.06259
75 180.09394 15.23864
76 173.04158 15.40398
77 166.21186 15.55504
78 159.61069 15.68774
79 153.25015 15.79703
80 147.13715 15.87708
81 141.28811 15.92078
82 135.71543 15.9199
83 130.42932 15.86484
84 125.4474 15.74443
85 120.78482 15.54594
86 116.45708 15.25483
87 112.47931 14.85448
88 108.86831 14.32611
89 105.64028 13.6481
90 102.80961 12.79436
91 100.38929 11.73097
92 98.39034 10.40798
93 96.82114 8.7368
94 95.68589 6.50423
95 94.98579 2.66682
96 94.71604 5.3221
97 94.52517 0.86254
98 94.70803 5.88716
99 95.27194 8.16863
100 96.19113 9.81584
101 97.43691 11.09384
102 98.9801 12.10967
103 100.79389 12.92305
104 102.84936 13.572
105 105.12027 14.08513
106 107.58288 14.48504
107 110.21282 14.78991
108 112.98993 15.01521
109 115.89416 15.17388
110 118.90796 15.27693
111 122.01565 15.33369
112 125.20104 15.35207
113 128.45344 15.33878
114 131.76056 15.29945
115 135.11007 15.23888
116 138.49413 15.16105
117 141.9037 15.06932
118 145.33308 14.96648
119 148.77371 14.85492
120 152.21898 14.73661
121 155.66676 14.61312
122 159.11052 14.48586
123 162.54667 14.35592
124 165.97096 14.22429
125 169.37942 14.09174
126 172.77262 13.95881
127 176.14602 13.82609
128 179.49669 13.69402
129 182.82346 13.56295
130 186.12393 13.43317
131 189.39869 13.30482
132 192.64446 13.17817
133 195.86081 13.05332
134 199.04754 12.93037
135 202.20315 12.8094
136 205.32632 12.6905
137 208.41721 12.57369
138 211.47612 12.45895
139 214.50053 12.34636
140 217.49243 12.23586
141 220.44796 12.12752
142 223.37218 12.0212
143 226.2599 11.91699
144 229.11492 11.81479
145 231.935 11.71459
146 234.72111 11.61635
147 237.47117 11.52009
148 240.18913 11.42566
149 242.87152 11.33311
150 245.51942 11.2424
151 248.13389 11.15344
152 250.71452 11.0662
153 253.26251 10.98064
154 255.77596 10.89675
155 258.25608 10.81446
156 260.70413 10.73374
157 263.11824 10.65455
158 265.49971 10.57686
159 267.84984 10.5006
160 270.16835 10.42574
161 272.45354 10.3523
162 274.70822 10.28017
163 276.93073 10.20938
164 279.12392 10.13983
165 281.28452 10.07155
166 283.41704 10.00444
167 285.51822 9.93853
168 287.58944 9.87377
169 289.6306 9.81015
170 291.64309 9.7476
171 293.62835 9.68608
172 295.58471 9.62561
173 297.51053 9.56619
174 299.40877 9.50774
175 301.2809 9.45022
176 303.12374 9.39368
177 304.94028 9.33803
178 306.73045 9.28326
179 308.49572 9.22933
180 310.23137 9.17632
181 311.94195 9.12411
182 313.62898 9.07267
183 315.28771 9.02206
184 316.92277 8.97221
185 318.53255 8.92313
186 320.11848 8.87474
187 321.67903 8.82711
188 323.21567 8.78017
189 324.72992 8.7339
190 326.22016 8.68829
191 327.68635 8.64336
192 329.13002 8.59906
193 330.55113 8.55539
194 331.9496 8.51231
195 333.32546 8.46987
196 334.68019 8.42798
197 336.01219 8.38667
198 337.32459 8.34591
199 338.61262 8.30574
200 339.88255 8.26606
201 341.13119 8.22691
202 342.35854 8.1883
203 343.5661 8.15016
204 344.75231 8.11255
205 345.92028 8.07539
206 347.06841 8.03872
207 348.1951 8.00254
208 349.30662 7.96674
209 350.39665 7.93144
210 351.46678 7.89659
211 352.5185 7.86216
212 353.55342 7.82813
213 354.56989 7.7945
214 355.56797 7.76131
215 356.54914 7.72847
216 357.51186 7.69605
217 358.4561 7.66403
218 359.38498 7.63234
219 360.29694 7.60104
220 361.19193 7.57008
221 362.06836 7.53951
222 362.92941 7.50927
223 363.77503 7.47935
224 364.60365 7.44979
225 365.41682 7.42055
226 366.21454 7.39162
227 366.99681 7.36302
228 367.76358 7.33471
229 368.5133 7.30675
230 369.24908 7.27906
231 369.97096 7.25166
232 370.67573 7.22458
233 371.36813 7.19775
234 372.04341 7.17124
235 372.70631 7.14497
236 373.35523 7.11898
237 373.9886 7.09327
238 374.60955 7.0678
239 375.21492 7.04262
240 375.80945 7.01765
241 376.38838 6.99295
242 376.95331 6.96853
243 377.50735 6.94429
244 378.0458 6.92034
245 378.57494 6.89657
246 379.08688 6.87309
247 379.58949 6.84979
248 380.07806 6.82674
249 380.55414 6.8039
250 381.01773 6.78128
251 381.47042 6.75886
252 381.90744 6.73669
253 382.33512 6.7147
254 382.75186 6.69289
255 383.15611 6.6713
256 383.54782 6.64991
257 383.9286 6.62872
258 384.29686 6.60773
259 384.65732 6.58688
260 385.00209 6.56628
261 385.33906 6.54581
262 385.66349 6.52554
263 385.97854 6.50544
264 386.27946 6.48556
265 386.57256 6.46581
266 386.85469 6.44623
267 387.12585 6.42684
268 387.38601 6.40761
269 387.63677 6.38854
270 387.87655 6.36963
271 388.1085 6.35086
272 388.32945 6.33225
273 388.53941 6.31382
274 388.73836 6.29555
275 388.92949 6.27741
276 389.10958 6.25943
277 389.28186 6.24158
278 389.44312 6.22389
279 389.59652 6.20632
280 389.74049 6.18889
281 389.87345 6.17163
282 389.99856 6.15449
283 390.11422 6.13748
284 390.22044 6.12062
285 390.31721 6.10389
286 390.40613 6.08728
287 390.4856 6.07081
288 390.55718 6.05444
289 390.61934 6.03823
290 390.67362 6.02212
291 390.71843 6.00615
292 390.75537 5.99028
293 390.78444 5.97453
294 390.80405 5.95892
295 390.81737 5.9434
296 390.81963 5.92803
297 390.8156 5.91275
298 390.8021 5.8976
299 390.78231 5.88254
300 390.75462 5.86759