T LF_PP HF_PP
6	17.9539	453.662
20	12.0453	444.225
30	11.2562	435.766
35	10.5728	416.865
40	9.20451	392.456
43	9.5381	372.131
45	11.9727	358.792
48	8.77262	335.491
50	8.43251	320.672
53	8.94041	296.805
55	10.5558	282.45
60	10.7109	243.847
65	11.1827	213.034
70	17.0936	180.254
72	17.8433	168.572
74	22.7339	155.575
75	25.3928	150.735
140	5.27113	190.751
141	4.21117	194.459
142	3.902	197.306
144	3.17342	202.659
146	2.88126	208.272
148	2.79846	213.762
150	3.08063	219.156
160	3.16456	244.247
200	4.93837	318.972
250	5.57176	372.914
300	5.81229	403.376